error: 2.31921083174087033e+07
time: 3.02191001707315445e+03
iterations: 301
evaluations: 302
parameters:
     3.33729301477942570e+01
