error: 5.48005407664282024e+07
time: 3.37001375387609005e+03
iterations: 341
evaluations: 342
parameters:
     1.59648628108781850e+03
