error: 5.48005466291626915e+07
time: 3.36679216850548983e+03
iterations: 337
evaluations: 338
parameters:
     1.59648614428305041e+03
