error: 1.62876257839538045e+07
time: 2.89445906163752079e+03
iterations: 305
evaluations: 306
parameters:
     6.85829728172015365e+01
